 2.420180290254921783E+004  6.756727814723638079E-004  5.243462547034082911E-004 -2.521100900207823726E-003  1.288400777587795106E-009  1.271105089215341449E-009 -8.504843670777615308E-010 -4.477885759163191279E-009 -5.057400889813575786E-009  3.189489013650439705E-009  2.502256887819036419E-014 -1.135909870432639696E-015  4.725691575578001730E-015  1.030462067783923945E-014  4.614645437536793682E-014 -3.668170919233506288E-013  5.575250021412240900E-015 -7.116685943984235267E-014  3.679647865518796812E-013 -1.030519248389909182E-014
 2.704482563856459456E+004  1.429469821325448893E-003  4.358152313415972873E-004 -4.714343559144906770E-003 -4.884299788829055401E-009 -7.357263258636891208E-012 -1.781223237548701060E-009 -2.102692104862245139E-009  3.252456404160548439E-012  6.986967621126332200E-009  1.075515123145129097E-013 -3.901407789654665122E-015  6.051481924756213031E-014 -1.082080374616366445E-015 -1.606785599931320416E-014 -3.210024893280465800E-015  1.739994298346115359E-014 -9.148617066564948261E-014  7.111181357021716658E-015 -7.791453247981662840E-014
 2.778732625392692717E+004  1.087385330610762682E-003  2.309894343328949308E-003 -4.640823148685560909E-003  5.280682386104876914E-009  8.786880928393987445E-010 -4.863691482027909537E-009 -5.086061374820156186E-009 -1.637653480305079325E-009 -1.946221745363527210E-010  5.141246880101068466E-014 -4.810659123310118062E-015 -3.256332812983436407E-013 -1.683553343735934711E-015 -3.039368104851896364E-015  8.500205668879609529E-014  1.500210021264534537E-014 -4.838162859835313758E-014 -8.019144334971175407E-014  3.106291172984944262E-013
 2.844043136392867746E+004  1.252429594372633792E-003  8.040448100422078592E-004 -3.926610833578145394E-003  2.079401824316769326E-009 -4.235866178349267323E-011 -7.501370956573065018E-010  1.295152341063824476E-009 -2.183987630707375197E-010 -3.374552752824969177E-009  3.334940155812822085E-014  4.032525250867192171E-016 -9.965913388675708868E-015 -2.254884105395350876E-016 -2.040343041791371816E-017  1.608436491341870743E-015 -4.264219961162513259E-015 -3.332889596230544128E-014 -2.012819959123426680E-015  1.423020523899581854E-014
 2.986318140889850110E+004 -3.524011226512281658E-004  2.226933033959927811E-004 -5.962245703869327972E-003 -4.359271005115396257E-010 -1.831756494445364997E-010  2.996051851388116270E-010 -1.663591305530757300E-009  1.222158657015921356E-010  2.099511452894688742E-009 -1.301026332829337783E-014  5.035193270377804305E-015 -4.900596322873170126E-015  3.553880190902649990E-016  1.252057556888752925E-016 -1.581637507174440195E-014  1.750627223846178037E-015  1.288591737814177407E-014  1.078182795124499279E-014  3.149147519530306258E-015
 2.875941704866353030E+004 -3.652421369085698190E-004  4.255944188482732897E-004 -5.969020640991629795E-003 -4.565285172691344879E-009 -3.845814578287791771E-010 -2.638685435631923540E-009 -1.565781870598872354E-009 -2.237812065258240458E-010  6.131061156923984052E-009  5.954887868194057973E-015  2.333048251974027618E-016  1.735881352617247969E-013  1.183951744375184418E-015  4.547841934862211841E-015  7.495801508864350877E-015  3.682912820887194004E-015 -1.050473650673501221E-014 -7.730419195950738361E-015 -1.772722419133095116E-013
 2.287563305714418675E+004 -1.788765891953672050E-003 -1.210923159316546426E-005 -1.887507323797585172E-003  1.883020600886789483E-009  6.877577352126535076E-010  5.265646635205198396E-010  2.607609180631996616E-010  1.108075272710975926E-010 -2.143781090056507924E-009 -9.100317234030101074E-015 -6.138101153009885253E-015  1.711640767564748423E-016 -3.324697077662241473E-016  1.016384002583348041E-016 -3.877966332921051009E-015 -3.107525442488566509E-015  8.998653008817001159E-015  1.001586658337790458E-014  2.936346117771153568E-015
 2.187864529171426693E+004 -2.973893128442978389E-004 -1.831329745982070904E-004 -4.030592838428409541E-003 -3.734772104788234667E-011 -1.897443119748767316E-009 -2.686755092374846350E-011 -3.235449931755085279E-009 -4.390121857318435289E-010  3.272807863446972427E-009  2.014084895587565777E-015 -1.565258672934750277E-014 -1.782709316828209461E-015 -5.573140705636482507E-016 -3.393306893321563212E-015 -1.150649668474732324E-014 -6.293266293639231189E-014  1.376531975860956624E-015  2.716241869237048556E-014  6.471553147223501254E-014
 2.421223056459966392E+004  8.006928266116862015E-004 -6.511571413107868295E-005 -2.508875284573661765E-003  1.951570421390869792E-009  3.100454649602452256E-010 -1.108339334986541519E-009 -6.798150950744408819E-009  2.274340897854359773E-009  4.846586201564215019E-009  2.790297581638229377E-014  4.031988110725842568E-015  4.537345487680428941E-015 -4.000576146461255255E-014  4.245271076385952662E-014 -2.214536155896332553E-013  2.953158085841392019E-013 -7.035272853830733395E-014  2.174277272774775446E-013 -2.998610355694181972E-013
 2.741246432953160547E+004  4.310986406545450783E-004  3.468614677484061003E-004 -4.299996766768899616E-003  2.881900599383214772E-009 -4.166597731068595637E-010  8.483780478085437024E-010 -9.645778061071546104E-010 -4.956110898937662319E-010 -1.917323310260032304E-009 -6.161839885826510689E-014 -7.144774894146852691E-015 -3.915840339921193823E-014 -2.550610427394555790E-016  2.193976001792771739E-015  3.342948281152550486E-014  1.079891544419585175E-014  5.942370102618083901E-014 -2.628424384402808689E-014  2.835879202500814804E-014
 2.959067538250491998E+004  5.589069673637273895E-004  2.025302664780905166E-004 -5.778862079177855306E-003  1.359327439534629294E-009 -2.695348699513532809E-010 -2.659574703723638311E-009 -1.051329066770338150E-009 -1.214824491779052388E-010 -3.079952624652538242E-010  6.534490997253538184E-015 -1.011349526260979211E-015 -1.668647517599301239E-013  3.760224591663154711E-016 -1.185873357290741054E-016  5.576162321885654305E-015 -4.743396438828233679E-016 -6.417378257720351019E-015 -4.565610357195347425E-015  1.673383498855006928E-013
 2.989057442866152269E+004  3.419084142640232927E-004 -1.715009564899314424E-004 -5.851915369835275320E-003 -1.302344706456123713E-009  2.474485325689439905E-010 -2.475486219312298390E-010 -1.782712993560037726E-009  7.109225197816010989E-011  3.085057599871974935E-009  1.246760716691669887E-014 -1.097054510919727333E-015 -4.483476626599414549E-016 -1.636141068134139844E-016 -2.083208005833006101E-015 -8.906844263121771302E-016  1.190421142991682128E-015 -1.038466819784180388E-014  1.987749553518236105E-015 -7.421115367219986155E-016
 3.008541172062318219E+004 -3.936930190163390945E-005 -4.067323761330036850E-005 -6.035609188717518982E-003 -2.194555198656141738E-009  2.456061340980279045E-011 -1.204010686316497353E-010 -8.732235146808132872E-010  1.204609631275041240E-011  3.067782952779477031E-009  6.923035997991768897E-015  2.001194719670002692E-016  3.962673771735648085E-015 -1.330735064960363197E-016  8.702320408001779727E-016 -3.010578647115328397E-016 -1.682314442371812031E-016 -7.792492226535995142E-015  1.019421408491525163E-016 -3.794233367012104431E-015
 2.882879487772993161E+004 -1.196407244016867502E-003 -3.641131232487885639E-004 -5.973135087174271350E-003  3.620664211855387232E-010 -2.047561187956769419E-010  2.182105084179400798E-009 -1.316214028868676977E-009  7.545427661968833516E-011  9.541493755256921655E-010 -3.170446516516286419E-015 -3.608976301023461630E-016 -1.222374961568106175E-013  3.292981634777616677E-016  1.314495856055667979E-015  9.128163137182508958E-016  7.199683805677378076E-016  1.859231100735066349E-015 -5.519137816575144389E-016  1.215174392449742126E-013
 2.299220188868635159E+004 -1.490288056807656872E-003  3.185742951522195759E-004 -2.161724061413534265E-003  2.075552903332002029E-010 -4.704521357580935179E-010  5.056112960579261120E-010  8.991951116088644192E-010 -5.219771397271010897E-010 -1.106750151396220671E-009 -1.034052940210759429E-014 -5.301943015181251615E-015  4.527006170240816429E-015  8.393178380295250459E-016 -4.137310180548858789E-015  4.820353873302509635E-014 -3.481885994536425687E-015  1.447831401856008513E-014 -4.290141101416926450E-014 -1.045156004005368018E-015
 2.186326126269596352E+004 -2.103592412978682387E-004 -4.883660863275712371E-004 -4.031767422463570540E-003  4.953122077800685999E-011 -3.365375875325795572E-010  9.726100563967473022E-011 -5.232922445861226325E-009  9.994466307310882589E-010  5.183398997558921977E-009  2.082918911458610648E-014 -1.522232227983481450E-014  2.466156210144512332E-015  8.979352806622207794E-015 -1.992321762808062093E-014 -1.557976951455075281E-014  4.435735574210310889E-014 -9.111812766256826941E-016  3.080228506285600537E-014 -4.682876284102155869E-014
 2.419774087646769112E+004  6.525997581951173843E-004 -4.122629725020161904E-004 -2.160531945508586613E-003  1.922560311346195463E-009 -2.534600368207902459E-010 -1.533744790234762808E-010  3.841561155149073243E-009  3.327339145971492637E-009 -5.764115392567513287E-009  2.618181508113834207E-014 -9.598491218667044053E-016 -1.004323125183094722E-014 -4.287853666115373530E-014 -1.580748750696620866E-014 -1.741855701857059757E-013 -1.171060393451766084E-013 -1.037155338025820568E-014  1.751455477419292007E-013  1.271438751754007275E-013
 2.779112527728994610E+004  7.129285486699857895E-004  1.282894301591481741E-004 -5.430971100698967977E-003 -2.433653232295507970E-009  1.838407656059621219E-010 -1.592233494944278579E-010 -1.499382546048571276E-009 -2.975905233041002099E-010  3.933032508543888974E-009 -1.096540570604868922E-015 -2.749849039980005610E-015  2.159167970512765415E-015 -2.525629845060364632E-016  4.237102381823903633E-016  1.624500505688283208E-014  1.144197639127865405E-014  6.741035937801457202E-016 -1.349258695803937532E-014 -1.360059872663935590E-014
 2.898705266659543486E+004 -2.914514276487102521E-004 -6.648530013651476585E-004 -5.513939906619321971E-003 -4.611138367161647849E-009 -1.340793009273051392E-010  2.926411151377288791E-009 -5.232777978827447798E-010  3.307869603541126133E-010  5.134419457156181397E-009 -1.961915926666785550E-014 -6.219830944411644625E-016  1.966762517858598014E-013  5.648907066704353172E-016  5.081863936014879207E-015 -1.010350733099218079E-014 -2.553590749889047117E-015  1.454364794823521871E-014  1.072639352044465220E-014 -1.941238659765541532E-013
 2.892376558089435639E+004  2.075512337123928822E-004 -4.403488889775095724E-004 -5.014517243904295651E-003 -4.366299442907193363E-010  1.272758814178561729E-010 -8.416333362496475866E-011 -5.760768783959392124E-010  1.937296180875537707E-010  1.012708045449856374E-009  3.629058430271445591E-015  1.732164179582150599E-015 -5.590716064170786074E-016 -2.859220863235603315E-016 -1.280234886091869683E-015 -7.592500336614956986E-015 -2.167394541586071778E-015 -2.348235786514710009E-015  5.858670873708278963E-015  2.726634986422559757E-015
 2.904405006056733328E+004 -2.254557687605621011E-004 -6.847297243147925207E-004 -5.682150697537600124E-003 -1.394456732275076805E-009 -1.933344579721828928E-010  1.218267326456140365E-011 -1.663157963209405857E-009  1.503639617771113091E-010  3.057620272934012732E-009  3.179576092175243519E-015 -7.701673380602151290E-016  1.732671258921486509E-015  4.336105711124104235E-017 -6.438841033738415116E-016  1.325767143287153186E-015  2.632016042046424744E-015 -2.537015488731659949E-015 -5.572510979286565955E-016 -4.365310779414641332E-015
 2.704908335397082192E+004 -1.542523766319107634E-003 -1.378373926321725066E-003 -5.290426897912604495E-003  2.994459622236663992E-010 -3.022540529578802187E-010  2.790120695448926813E-009 -1.195576814929925083E-009  4.729127736404188851E-010  8.961324489554510478E-010 -1.617654418971461142E-014 -4.311956807441536673E-016 -1.583295688617302159E-013  6.398354472823918969E-017  8.566425840084143460E-016 -8.956200938673181411E-015 -1.874763355644161239E-015  1.532149285139209563E-014  9.385669510876479895E-015  1.602026790045469110E-013
 2.280660658835187132E+004 -1.345358147144552893E-003 -6.505447790143956046E-004 -3.163948177552198399E-003 -1.746016178329376070E-009 -7.481497887481387001E-010  5.183365363794596006E-010 -2.376746334573602867E-009 -2.926429955732609158E-010  4.122761935059616949E-009 -1.457397766838381317E-014 -1.641290669416860460E-014  7.279882492121490556E-015  2.464362406682458118E-015 -6.575158283439763733E-015  6.177119799046004353E-014  1.830732220086456222E-014  2.114980468149719547E-014 -4.535736999383447347E-014 -2.558682347182231965E-014
 2.183432606748342005E+004  5.917815467587344294E-005 -7.350370435093914190E-004 -3.931258405913162432E-003 -3.799661357674297694E-010  6.836302630744274357E-010 -1.136043070487492421E-010 -4.567589651357488414E-009  3.638213149007610495E-009  4.947563121954794119E-009  3.239447683902054710E-014  6.213274546433608022E-015  3.041584112487188566E-015  2.523591163045524294E-014 -1.803803466494258761E-014  2.622937119876223173E-014  7.075692654995422004E-014 -1.435933105267195430E-014 -3.244585343193309441E-014 -7.379830427448621030E-014
 2.417634809657109508E+004  4.418409573808618012E-004 -4.747696048361237250E-004 -1.997867717415816383E-003  1.418032771363303506E-009 -3.394992778235198020E-010  1.027673771013033772E-010  5.530361225200626346E-009  2.340574205153085830E-009 -6.948390834025075343E-009  1.491872039992090673E-014 -5.733227921982150936E-015 -9.948269728175139391E-015 -2.126879217752272455E-014 -1.588117382466192909E-014 -3.717594396800288388E-014 -2.189305198027710053E-013  9.634932976769395300E-016  4.290705929000220371E-014  2.288834546269423973E-013
 2.768667334363284317E+004  9.158842318604257715E-004 -3.249448998157155612E-004 -5.636723925875578196E-003 -3.363167419431981446E-009  6.307923810636166498E-011 -4.885241555443623762E-010 -7.435715165973954415E-010  1.761727888252643754E-010  4.106741726703005192E-009  1.639160872455172817E-014  5.169393591286931623E-016  1.193636546149888972E-014  4.602525403345210478E-017 -1.397647859017175486E-015 -4.591475350874589046E-015 -4.226956428161271934E-015 -1.499532941314345210E-014  4.075128069004997087E-015 -7.709793974664167189E-015
 2.769725534071181391E+004 -1.203590375445081018E-004 -4.216311605353558579E-005 -4.628924878172001670E-003 -1.073520822110123022E-009 -1.811821770525951916E-010  1.449121169507361675E-010 -1.725791380086086174E-009 -3.780234262691999371E-010  2.799312673364878943E-009 -1.115058230520190995E-015 -6.773352563967161415E-016  8.243982514605604103E-015  2.046449396844387082E-016 -9.792003631695036370E-016  2.611819306356099735E-014  1.235045888181457427E-014  2.092768216674834740E-015 -2.544032772594192850E-014 -2.059474212182375990E-014
 2.762390938191225359E+004 -1.720365891945867601E-004 -1.585320901965029284E-004 -4.664513948772758614E-003 -8.967156184161484887E-010 -5.278787982211390801E-011  6.724127256658358002E-011 -1.160552475540018713E-009 -1.791017380831201379E-010  2.057271864088372731E-009 -2.080036603628162201E-015 -3.834308533218089084E-016  7.056213223897226435E-016 -1.346712738480594235E-016  1.855646001495402567E-016  1.509064830014381121E-014  5.299436886392407096E-015  1.893524479309497066E-015 -1.470690538676062614E-014 -6.005938928967265233E-015
 2.662171831811985976E+004 -6.763874618636588369E-004 -9.939306999685968303E-004 -4.549382969548379334E-003 -1.447066929112304737E-009 -3.243290918067072509E-010  1.219458993026971234E-010 -5.499331164225915275E-010  3.873181905258574970E-010  1.996998220218355376E-009  1.853273566064795365E-015  1.757521191908991713E-015  1.805133783140637015E-015  4.588819952552948240E-016  7.167269652753848014E-016 -1.211168171631198071E-014 -2.299938670905603937E-015 -2.569642176843238274E-015  1.035486262049642693E-014  4.947915535849526635E-016
 2.452980257423312287E+004 -4.131955410940582217E-004 -8.055078142576368051E-004 -4.946395377180672244E-003 -6.551251061457640162E-009  7.151666931864073689E-011 -1.959481387192110728E-009 -8.325009282353547298E-009 -4.297047224040803645E-010  1.487625789317329477E-008  1.938625488495500215E-013 -5.867108611897960931E-015  2.246495535753853300E-013 -1.650174225199138054E-015 -1.556918483448305571E-014  8.267818263869437198E-014  3.526732070869357889E-014 -1.782942988616338279E-013 -7.681102119206261615E-014 -2.599103438215768681E-013
 2.168858203085765854E+004 -6.121406160570484235E-004 -7.262574884867139787E-004 -2.133411478376662056E-003 -2.286491957485922900E-010 -2.071411396829158029E-010  1.768804032685277400E-010 -4.769829791530715667E-010  1.988848523235192542E-010  7.056328353916269926E-010 -5.994023261702217203E-015 -4.007148375919867765E-015  1.412008701421576733E-015  9.748117716726129367E-016  2.939316122196730819E-015  6.544826026806245564E-016  3.870838034069554302E-015  3.054546306647657663E-015  3.353005408954685607E-015 -5.282812920500583338E-015
 2.179893685424235082E+004  4.305684119193139677E-004 -7.243711661104709938E-004 -3.705007113898491078E-003 -5.944464775067733930E-010  1.605359895883715486E-009 -8.504407747703753347E-010  7.771422322896935012E-010  5.467161355134140888E-009 -1.826915171968512609E-010  2.152148377297597354E-014  2.149176261831339636E-014 -7.142575454097066083E-015  2.522102199638408032E-014  2.445195724366954777E-014  1.633395936358842967E-013 -7.018663274796201636E-014 -4.597412405168459604E-014 -1.848412115239655161E-013  7.732985279180461712E-014
 2.415605324978825593E+004  2.555585339358354001E-004 -4.023431373303683702E-004 -1.969214891923019763E-003  1.058342275808142212E-009  1.059841699097104658E-010  6.247101320916350221E-011  3.767820237550550450E-009  9.112900260794150159E-011 -4.826161668578812309E-009  6.476795214377182407E-015 -3.693693010242499514E-015 -6.859458318710077472E-015 -3.300570694914487557E-016 -1.555210334053792485E-014 -2.007908295965985494E-014 -3.563645177067663435E-014  9.075307337953328810E-015  2.376761411066218377E-014  4.249608070514766840E-014
 2.700753846085015903E+004  9.547620832657041775E-004 -8.829574077229689630E-004 -5.299632965718890573E-003 -2.971610158041988762E-009  4.219481793494753203E-010 -5.343686088776258181E-010 -1.097685360408627399E-009  6.161085137240593855E-010  4.069298667225482855E-009  1.848655559430672181E-014 -1.641296116074001755E-015  1.149188871218410114E-014 -1.018731746505101613E-015 -2.534222191766581608E-016 -1.449663799462905393E-014 -1.446702927677799748E-014 -1.823223431380358600E-014  1.614000231260112600E-014  2.974454723471709380E-015
 2.692555542095202327E+004 -1.079866173991944988E-005 -7.161455277785090017E-004 -4.825849725957062804E-003 -1.956033875242449441E-009  2.922837153939227980E-010  7.012405038518590675E-010 -8.628636385188339947E-010  3.879686070184743902E-010  2.818902194926680998E-009 -5.413063312019785105E-015  1.803523518484238998E-016  5.260761942203199723E-014 -4.510265659121835124E-016  9.536597675661564804E-016 -1.218296080797933922E-014 -9.251206270140981064E-015  4.460428979901138345E-015  1.200382639900737150E-014 -4.335709236476549986E-014
 2.658599012502138794E+004 -7.123902728323262042E-004 -7.599443038484670308E-004 -5.346364902070931992E-003 -2.175389083353342959E-009 -4.861348623372946639E-010  3.119335268236645348E-010 -3.064801688017570554E-009 -1.096397708694227540E-010  5.240193072218137031E-009 -9.847835830674419530E-015 -3.657382690300338861E-015  4.798955170416436780E-015  4.769166690000274674E-016  6.768699120181662322E-016  1.963218249611419640E-014  1.436827626761749405E-014  9.171048286729159548E-015 -1.597512813220724233E-014 -1.916788165247308828E-014
 2.422820720621172586E+004 -5.369306352971423913E-004 -2.111595343943952602E-004 -2.062954850863521223E-003  2.275119466605566143E-009 -1.311628949088831474E-010  3.886955202219022739E-010  3.848925823482117142E-009  1.478394952547740353E-010 -6.124045381792207418E-009 -2.736031126068797233E-014  5.834960969943502058E-015 -9.277763571243782453E-015  1.585892687152892849E-015  4.141008218239399068E-015 -1.591112043000582219E-014 -1.385290952205209444E-014  2.321923213316780866E-014  1.007587824569626547E-014  2.313040152916304722E-014
 2.262515885995966892E+004 -7.953547575821126722E-004  3.362525429605202863E-004 -2.112013730966580058E-003  2.592179077723352944E-009 -7.038001338845097944E-010  2.027055299597902933E-009  3.823126285998047285E-010 -2.267865353914376560E-010 -2.974491750477559773E-009 -9.455264300108506467E-014  2.775618126952329637E-015 -1.750531924376227729E-013  2.693643168600947636E-015  1.043765684217777345E-014  1.112600822958703747E-014  3.085764420605008851E-015  8.411723414728596507E-014 -1.390155636332957213E-014  1.719631419451091484E-013
 2.107340948007346742E+004 -2.939416218863695322E-004 -1.525274309279369821E-004 -1.694022546251684400E-003  1.249799951093822232E-010 -1.546540739990554275E-010  6.370519064174806546E-011  8.156571690368483290E-010  3.090073573921379527E-011 -9.406371876965837154E-010 -1.807482395028462003E-015 -3.343556602067091735E-015 -2.424454433088212135E-016  6.402313935399059269E-016  2.421751519814784216E-015  4.054883811923990960E-015 -2.421573242315958189E-015 -6.142987830093836239E-016 -7.113556488921996534E-016  2.663997801460967144E-015
 2.177420320833574806E+004  7.363855772088566572E-004 -2.965824710776819497E-004 -3.594380395138999530E-003 -1.420661980766165975E-009  2.065458312493948450E-009 -1.271180534557392770E-009  4.177065040561921328E-009  1.522798951368163847E-010 -2.756401206233019002E-009  1.359817969411501212E-014  4.879273306103869137E-015 -1.433487053853826052E-014 -9.656256835688247441E-015  7.179510326403996066E-014  6.109652304142012090E-014  4.348118933548580830E-014 -8.539325350860148755E-014 -6.598424053803594798E-014 -2.915147518374820969E-014
 2.413976203032599369E+004  1.207300103661600562E-004 -2.944326823482601050E-004 -2.013763204561102877E-003  1.006345954686448107E-009  3.733296838731312157E-010  6.684524120798290028E-011  2.671095669657449572E-009 -2.439945046926933148E-009 -3.677443314661886256E-009  7.006944872994631301E-015 -1.047635138850883879E-014 -5.242554071354046629E-015  1.799802511980995197E-014 -1.477865946394129691E-014 -5.750682037127979966E-014 -1.826013672503044603E-014  7.770772122693948419E-015  6.797598490040294199E-014  2.350082762166621321E-014
 2.569878712543126676E+004  9.416867448987041979E-004 -2.527498647608038469E-004 -2.353688931440204961E-003  8.606973887465890281E-010 -1.636713780530750837E-009 -6.449140044207419130E-010  5.552693985918628377E-009  9.361301476233794043E-010 -6.413391600614936832E-009  3.616417321376071324E-014  1.576007541991024295E-014  4.212308962714824768E-015  3.413498814959781274E-015 -1.182745162528898661E-016 -5.339844613850595787E-014 -7.748378174127440074E-014 -3.604592977075908063E-014  3.763916840357419870E-014  7.327049337893601845E-014
 2.481344895036051457E+004 -6.397842926787378117E-004  4.286738077389354914E-004 -2.014811110703325012E-003  1.702912085881737050E-009 -1.464439407357192911E-009 -8.213064403673038564E-010  2.782018114516064862E-009  3.201522826881481725E-011 -4.484930166544997972E-009  4.326130648664859695E-014  1.327104854219378671E-015 -9.298452367605751759E-014  1.088436702433026295E-015 -2.580326215629170761E-015 -1.197324903192469797E-014 -1.294531356327922287E-014 -4.068240433949222854E-014  1.064609486879762463E-014  1.059278255168190318E-013
 2.355247964916655110E+004 -5.573020568556886394E-004 -2.131768658294312430E-004 -2.336611921722130635E-003 -7.933161350639483560E-010  4.245719297054828372E-010  1.981097360562892053E-010 -9.936176540593441915E-010 -3.191786230529870864E-010  1.786933592806301443E-009 -7.180053704196295604E-015 -2.942071545618791386E-015  2.362786676086101416E-015  5.158451729404055714E-017  4.813048246364424771E-016  3.563276840659256943E-014  2.066955261668246154E-014  6.698763808202418825E-015 -3.269037387945302872E-014 -2.303191097983995017E-014
 2.480574129090968563E+004  1.712249840573466190E-003  1.252156605548365069E-003 -3.347027386183214995E-003 -6.733050859520289977E-010 -4.051307629492451625E-010 -8.473446759950634664E-010  1.219177031446945404E-009 -8.803591939673337435E-010 -5.458737091496285329E-010  3.212585467403499940E-014  1.960974105358876692E-014  2.040679073328014073E-015  1.470106678845387430E-015  3.071139680834551042E-015  2.291844242250954135E-014  1.095288454897362074E-014 -3.519735497111506336E-014 -4.252884584436899171E-014 -1.299321995085599548E-014
 2.506739948112818456E+004 -1.501531199082405902E-003  7.533615057419556105E-004 -5.419301968814429354E-003 -4.340106762227313935E-009  1.313326861440063052E-009 -1.055795487992277747E-009 -2.363188280641585865E-009 -8.132251505040632869E-010  6.703295700088330148E-009  1.377929459510531675E-014 -1.130182823688141551E-014  1.127627342686723460E-013 -1.255343384513401824E-014 -2.548633758154448270E-014  3.429679464219562637E-014  3.847429354977000998E-014  1.170563259336754976E-014 -2.299259835603694980E-014 -1.512371689474729641E-013
 2.138163393329440078E+004 -1.007869168579050021E-003  9.301979287005360817E-004 -2.470626175160783953E-003 -1.953543253285271528E-009 -2.326599132932191760E-009  9.230398470306532146E-010 -6.407784621458553386E-009 -4.938723270230539755E-009  8.361328344251596847E-009 -5.781839758809668037E-014 -2.233516238488513732E-014  2.636253741684727469E-014  4.352812853364016968E-015  3.029085070002491402E-015  1.936096333454595117E-013  3.857654109932568478E-013  5.478903575456945878E-014 -1.712791091585399947E-013 -4.121233802399910635E-013
 2.177596820663451581E+004  7.941842785084170372E-004  3.858520836947388071E-004 -3.832036306778553551E-003 -3.020162116700100646E-009  5.043922865012865899E-010 -1.193013927435025965E-009  4.068799653972203754E-009 -1.276550491081110764E-008 -1.048639028451790481E-009  3.015585976781383938E-014 -1.095148212307047525E-014 -5.747855421813806894E-015 -6.423456684835229459E-014  2.384734879982054192E-014 -4.307956595396872075E-013 -1.410876784223190046E-013 -5.400259699813043405E-014  4.417444583525092345E-013  1.468342553682526035E-013
 2.412694532150801024E+004  2.410773396359462822E-005 -3.005922498788306512E-004 -2.138720183929576635E-003  8.242718289877315963E-010  1.567285822260145979E-010 -3.599259665531621219E-010 -2.809551693271890127E-009  3.939048899618932078E-010  1.985277036099013792E-009 -1.657885972301915588E-015 -7.291635824126569514E-015  2.047643507472469975E-015  1.318763634574224920E-014  2.039031021843001668E-015  1.668456021111728296E-013  3.557074281711872487E-013 -3.823749443810314197E-016 -1.595669179284681708E-013 -3.577635046578716323E-013
 2.668463369719465481E+004 -6.188316373684674371E-005  6.100781133959663457E-004 -5.155848837459511662E-003 -2.223323341434462415E-009  9.721209311895723743E-011  4.968811508097412661E-010 -1.509634331254341998E-009 -3.994472749108063924E-011  3.732959131971181277E-009 -2.877661294907595740E-014 -2.120737768754759832E-017 -9.549961924468000808E-015  1.711556271485484673E-016 -4.585018562679900879E-016  1.552879112780600687E-014 -1.297630486733744906E-014  2.923387083341921122E-014 -1.550709764409722710E-014  2.252506966671966300E-014
 2.720175957345934512E+004 -5.971725102285593617E-004  1.728972970100697316E-004 -5.485718570246148583E-003 -2.732250734019630518E-009 -1.844179102516050425E-010  1.374302169198612584E-009 -1.323110009097974470E-009  2.841500587161367499E-010  4.055358775283380049E-009 -1.244010350077315991E-014 -9.420940320205810993E-015  8.714202635853055052E-014  9.093504778132751128E-015  1.039545604699380357E-014  1.452842458568027004E-016 -1.312628521246003732E-014  2.039538828882656446E-015  9.278726611622095062E-015 -7.401793089366297301E-014
 2.564846459957791012E+004 -8.319302178237377105E-004  2.469623487395885154E-003 -4.810823164591815533E-003 -3.977501828548090868E-009  1.940737776611161898E-009  7.631216628682992311E-010 -9.065299234039080948E-009 -5.327081410305853803E-009  1.304280573690602854E-008 -4.146325691375144672E-014  2.646357016277547711E-014  1.516277540613322381E-014 -5.270126843505641148E-015 -1.166800003835036195E-015  1.303205124638484480E-013  2.971393228375406584E-013  4.262792630188650871E-014 -1.567834573302949925E-013 -3.122979620155937914E-013
 2.649133704910775123E+004  3.149560092738208856E-004  2.789084487869743462E-004 -5.928160338568518734E-003 -3.365659703212776990E-009 -4.117687334297904599E-010 -3.234596982725588104E-010 -3.541177867899621531E-009 -1.305015499019932340E-009  6.906838822143333970E-009  1.565534610930891661E-014 -4.066496405438294933E-016  8.841059755507978479E-015  1.288164057606786740E-016 -6.729472460631926319E-016  2.609205302364283530E-014  7.588168855019367611E-014 -1.498392406882634377E-014 -2.568409483603136890E-014 -8.472300374460410429E-014
 2.477889042440654885E+004 -1.146440064029836481E-004 -1.088159489106030418E-003 -4.461120633457714944E-003 -8.988972474517554552E-009  4.080086761710415183E-010 -7.149555448329408734E-009  2.703854583290782616E-009  3.889731439995205012E-009  6.285118536507488373E-009  1.107334340739911255E-013 -1.933025909253488504E-014  5.465251917204816174E-013 -1.690975882312616100E-014 -3.206886746485896790E-014 -5.474991762562315126E-014 -2.335350703801078425E-013 -7.867055347846918280E-014  7.408431009517117591E-014 -3.129901370046872793E-013
 2.166733660433884506E+004 -1.674664430097465425E-003  3.464130055202102165E-004 -3.248544641904683832E-003 -6.573007489672251620E-009 -9.188559310795527810E-011  2.227383535145319860E-009 -7.207706116016039474E-009 -7.196967132609000909E-009  1.378071567840306842E-008 -1.540871471000639566E-013 -1.560581607586170033E-014  7.719935268735330535E-014  1.141985952345179918E-015  1.574223452621810398E-014 -1.025999279369631473E-013  5.677078628312448290E-013  1.383434403606523938E-013  1.181930579868631728E-013 -6.449126480441362283E-013
 2.179996167338904343E+004  5.858343111059284829E-004  5.271991751542705416E-004 -4.353630094498509538E-003 -3.033802713802320026E-009  4.245530040159103013E-010  3.888455578116017458E-010 -8.030791015796484983E-009 -5.858303329356170248E-009  1.106458977525953751E-008  1.391086530226796685E-014  1.711144472132103374E-014  1.535494016546665713E-014 -5.848230453488132664E-014 -2.913811173187743231E-014  6.210516220583901589E-014  1.887984149944030025E-013  1.522899180028680168E-014 -7.922503927426243533E-014 -2.041525460162650013E-013
 2.411339330765496561E+004 -8.977478968627379476E-005 -2.349675533340137153E-004 -2.093800948192319628E-003  7.147267438813368095E-010  4.508584355522235433E-010  2.019764826402399994E-010  2.553707825384063261E-009 -1.221352655014273068E-009 -3.268440169776447479E-009 -5.512760587495292434E-015 -7.528894580956529264E-015 -2.709868321207608686E-015  3.147771190643161897E-015  3.692134292048805404E-015 -9.080743440085999848E-014 -1.732069702786749762E-013  1.818921673791215888E-015  9.833562330756594881E-014  1.759183810559281723E-013
 2.713106927906923738E+004  5.641895711844455413E-004  1.074386207302367529E-004 -5.586110587408141259E-003 -2.843804117209053108E-009  5.978681514590792411E-010 -1.372659284533334232E-010 -1.137391700450615802E-009 -4.448788606723345802E-010  3.981195992479504479E-009 -9.123413978065908599E-017 -3.443282214852711197E-015  2.508473261593438404E-015 -1.259359920146685758E-015  2.894905480144876340E-016 -2.058447527880457085E-014  1.180363160872619176E-014 -1.984429580042766575E-016  2.402883844375043769E-014 -1.431387550073807149E-014
 2.695188253593985064E+004  1.681887443035075768E-004  1.794354085868942231E-004 -4.354896195009404052E-003  2.957485763299858406E-009  1.462294200689549772E-009 -2.789973289563562146E-009 -1.070496317964258592E-009 -1.087583770530263019E-009 -1.886992018924732017E-009  4.500551117473062303E-014  5.829116404783089798E-014 -2.145230256907646084E-013 -4.990981841108942166E-014 -2.187045501966780999E-014 -6.142208398167591806E-014  3.510570306161568369E-014 -2.314722531208729489E-014  3.132427486932448065E-015  1.794126446110090647E-013
 2.641888746272874778E+004 -4.670885436965533256E-004  1.123631921575469355E-004 -4.566459818986709322E-003 -2.215759471121566463E-009  6.413730692730895807E-011  1.912467707865951204E-010 -2.198875979448918256E-009 -4.656149925427928522E-009  4.414638759503813048E-009 -6.005962366698632733E-015  2.848815906523575148E-015  5.735089668676184051E-015 -5.417195678144950133E-016  3.570989819387233068E-016 -1.919181966248024249E-013  2.812837776565077000E-013  5.648949584999482205E-015  1.890642284873093960E-013 -2.870314036445922516E-013
 2.326991070725676400E+004 -1.104855618990665438E-003 -1.020498905178559386E-003 -2.086673026050714797E-003  1.813238728319493627E-009  4.954837162770813658E-011  4.384052464805430776E-010 -1.647240510316564903E-009 -2.876325302782299625E-009 -1.659964445105275871E-010 -1.846694436276246494E-014 -2.184169034516698378E-015 -4.681934611851088041E-015 -1.893304587972183819E-016  1.292170141728191334E-015 -9.607767140870574475E-014  3.055597661488572872E-013  1.717479654445611311E-014  9.824478629803957906E-014 -3.008894651253472538E-013
 2.329162495212621434E+004 -1.989199327519426165E-004 -2.257756417604452840E-003 -4.654053523090230862E-003 -1.522811196190918486E-009 -1.314893150172565144E-009 -5.612940058704284968E-010 -3.409708994387809807E-009  4.124721085986208955E-009  4.932521689451921834E-009  3.565693852809660506E-015  1.254281749383046265E-014  4.043183526195627284E-014  1.104795612030893338E-014  2.688461220779900711E-015  1.377012507698316350E-013 -1.591298744612289064E-013 -6.248524214797232817E-015 -1.502439473795930533E-013  1.187015807688589595E-013
 2.104942447745730169E+004 -3.532710624472859486E-004 -6.614477663934384150E-004 -2.145574085582214411E-003 -5.586068370998867638E-010  3.097866610075406787E-009  3.609338529253119325E-010  3.198582751778667011E-009  5.466465520645933701E-009 -2.639977331964791473E-009 -3.112782658844492541E-014  3.308195677317529357E-014  1.160854121989902705E-014 -8.478792247684572011E-015  6.779839214356326857E-015  4.007709657108554505E-013 -2.897838812751744039E-013  2.434817769830239813E-014 -4.338616516012812860E-013  2.781976954627334965E-013
 2.182227849112272816E+004  4.193596855290783899E-004  4.324694735441020929E-004 -4.517425113034539454E-003 -2.768044143118010298E-009  1.107334972624935203E-009  3.482150869366994622E-010 -6.637801302126115534E-009 -1.994478142223348069E-009  9.405835026742547700E-009 -8.520639682442898307E-015  1.635036423972562641E-014  1.164157064888593063E-014 -1.892374240832023398E-014 -1.605389503322106355E-014  8.540533609462445824E-015  5.807657709950111613E-014  2.457339783207038290E-014 -2.489348419524809676E-014 -6.971665654139908994E-014
 2.410474579688621816E+004 -1.367281464969990709E-004 -1.700117599590492991E-004 -2.194225738760179067E-003  9.796446830311039928E-010  8.071068443467537824E-010 -3.005404360032226405E-010 -3.420229110057486004E-009 -2.239885241787053092E-009  2.440579277806683830E-009 -1.255289501698318155E-014  1.725129444942940893E-016  4.060618641441521376E-015 -6.069717197989528090E-015  2.034944417727711290E-014 -2.768355629309472888E-013  2.508705132160220213E-013 -7.798123254613163120E-015  2.766699255489244343E-013 -2.549370079919916918E-013
 2.706303074773147091E+004  1.244384918619019249E-003 -5.774452798856463415E-005 -5.472050464874955375E-003 -5.661573636848242107E-009  4.920635191534737214E-010 -1.212330334576785068E-009 -2.847072501795186598E-010  6.465530961002718515E-010  5.946282838238766316E-009  5.542859237997738299E-014 -1.237938238877672993E-014  3.740856942577856752E-014 -3.655085513859889327E-015 -3.419710250146918699E-015  4.043877449798067283E-014  1.535501392906655064E-014 -5.201077137261156093E-014 -2.806033514288196330E-014 -5.276568535537510353E-014
 2.709923189535350684E+004 -4.580079350944274213E-004 -7.259580816247059813E-004 -5.447329502908960022E-003 -4.927468299716732227E-010  6.234123265727223634E-010 -1.313937397969915259E-009 -3.413187456161519378E-009  5.553495571876358114E-009  3.905940653938151948E-009 -2.690343374962850206E-015  5.307209880942002367E-014 -8.565326358585870185E-014 -4.936193065772779038E-014  1.600136548239821441E-014  2.596850337252672370E-013  2.672798927006369658E-013 -1.332179774354638737E-014 -3.127576860563440024E-013 -1.816449590196740330E-013
 2.465086999496825956E+004 -7.781764019293435381E-004 -3.245503703138764937E-003 -3.647643674138238180E-003 -1.029796640601426299E-009 -6.818808924823405954E-011  9.943754708467330337E-011 -2.206554665470412562E-008  4.103148257275212494E-008  2.309536359703778626E-008  6.414386517884213839E-015  2.104705645942307044E-014  2.532539808791999511E-015 -1.596258960012228940E-015 -9.803614788526384450E-016  1.551050374929737059E-012  3.036414301375802138E-012 -5.433579223487615172E-015 -1.571996055760368563E-012 -3.039083568335983029E-012
 2.162293342801767358E+004 -6.530019313073610410E-004 -4.149268296387756795E-004 -2.080952751433642368E-003  7.221408979240147123E-010 -4.616001979620025269E-011  2.021055826253908936E-010 -8.119236978832651457E-010  1.190768179664538943E-009  8.978360302086961636E-011 -4.347190874512671890E-015  2.654519695008582064E-015 -1.815848692990651320E-015  3.796288178785469195E-016 -3.536195948684005861E-016  3.050927808569882405E-014  1.088697643320637271E-013  4.700796422656275354E-015 -3.315760591295924875E-014 -1.070583113589069304E-013
 2.082203810084754150E+004  7.688337313780217470E-004 -1.872794866886555974E-004 -2.803544251732921662E-003 -1.855304801594963984E-008  6.372532212889699261E-010 -1.216412177987035933E-008  2.161239429390784806E-009 -5.137404410368288583E-009  1.639180821179693942E-008  3.525047966542315376E-013 -4.888040233509095884E-014  1.017600448509901055E-012 -3.871475692402792552E-014  6.985217676548560739E-015 -2.583149037391529686E-013 -3.490082902113756321E-013 -3.595088409536866455E-013  3.071898588620607748E-013 -6.685585894213635786E-013
 2.026361854787897028E+004  1.115622563481113446E-004 -5.571111268054279196E-004 -2.254071917954625793E-003 -2.640376131545514041E-009  7.639310870111759657E-010  4.710867763659193951E-010  5.520427203515024468E-010 -4.108139945235391102E-009  2.088332637446956813E-009 -5.933006578002877338E-014  1.681719927684835606E-014  2.459451147308026783E-014 -4.788875251172468871E-015  1.142546070495745590E-014 -3.708848359224563045E-013 -2.819765614578691148E-013  4.790463098785200491E-014  3.540737071376248706E-013  2.574091536564539779E-013
 2.184040589087201079E+004  3.237528534262690662E-004  3.595738807071141921E-004 -4.566987688690618205E-003 -3.438005930116787631E-009  1.649361568087139192E-009  2.242330688657610897E-010 -4.602435519701300924E-009 -7.511224350409984607E-010  8.040433919810896797E-009 -1.278906623897841019E-014  6.522217167712310695E-015  1.000684903542694559E-014 -8.557726971011991076E-015 -7.630216743033810894E-015  5.661355120065766000E-015  9.643326577320384140E-015  2.042205091050724509E-014 -1.218935217641500856E-014 -1.965142592159362747E-014
 2.409503068447442638E+004 -2.056263172353733730E-004 -2.348931256425962507E-004 -2.116252456636247368E-003  1.749020359315252833E-009 -1.561415441722007306E-010 -1.183854824728506955E-010 -2.035083954336706931E-009  5.176105323054432720E-009  2.860581157034429454E-010  5.394366542951566822E-016  1.459190923891026541E-014 -6.495194169631251878E-016 -2.223098275136276835E-014 -2.142780831384589660E-015  2.520409103781620502E-013  1.946095805656109877E-013  1.601794756146103344E-015 -2.666320124650643887E-013 -1.939638876600256585E-013
 2.690112386565635461E+004  1.536140357922624773E-003 -2.913881069737958790E-004 -5.504337736903887508E-003 -5.588758332977054300E-009 -7.479840163772377636E-010 -1.280915081243518566E-009 -7.062798931520471953E-010  8.079063325475647441E-012  6.295036381141954901E-009  5.718684818214174148E-014  2.737171708655439708E-014  3.630771797429520663E-014  8.450418137482437295E-015 -4.792790747518220112E-015 -1.319521015425240290E-014  7.762536015786252971E-015 -5.239257614552235900E-014 -1.417880911914595779E-014 -4.407193205301984737E-014
 2.671804232925903489E+004 -7.338822643903940637E-004  3.240698185648574069E-004 -5.451805927070287397E-003 -4.927245180369943246E-009  3.607770742885333600E-009  2.425250996733281351E-009 -2.082195971152113177E-010 -2.028576063328541144E-009  5.135480301402394799E-009 -4.725843147579309667E-014  5.568009131191872436E-014  1.876546717584226999E-013 -5.555293657779144705E-014  6.640013284039490489E-014 -1.116191647328923323E-014 -9.584031310745487021E-014 -1.914151757901314361E-014 -4.452179833036789208E-014 -9.181644764079109110E-014
 2.363006381303459420E+004 -4.726860010157211381E-004  1.157407242765790461E-004 -2.702250874475781509E-003 -1.636381716937845821E-010 -2.424719193910149125E-010  9.270879188833525360E-011 -1.822769013301339282E-009  1.066593983653801607E-009  1.986407770908909946E-009  1.765048240813828429E-015 -1.544714448225710602E-017 -3.428223545662614834E-017  1.808779421032718109E-016  3.097632478036255963E-016 -8.113851388744966597E-014  8.455031466147873577E-014 -2.075333095994505481E-015  8.115462023039274828E-014 -8.451389106889418679E-014
 2.185129218423541533E+004 -1.065612308435405758E-003  1.220465201582190615E-003 -2.390006892116732125E-003  6.886170140494193283E-010 -1.114075424388759366E-009  4.749993524860990995E-010  1.028856263296882175E-008 -4.774315031462417375E-009 -1.097717994324842768E-008 -2.452349862920118886E-014  3.371560609187275847E-016 -6.167342395662913847E-015  1.028391993190210466E-015  6.238532745258593904E-017  3.426813268552581396E-013 -3.551087841837296229E-013  2.446134214653476480E-014 -3.430193123457793777E-013  3.612680524958243041E-013
 2.066204342161402383E+004  2.739331738537031566E-004  3.426412463798744843E-004 -2.951279394063473487E-003 -1.417644141505197310E-008  1.438187616675116426E-009 -7.018577941688743296E-009  4.240061676521416399E-009 -2.385034138609418628E-009  9.936378231865737039E-009  3.591466632817596237E-013 -3.904629289873590715E-014  6.593900318166298250E-013 -1.869714943327956834E-014  3.495433715446330128E-014  1.935260782462002029E-013 -2.266169242229164117E-013 -3.941083614694539619E-013 -1.544816887819762706E-013 -4.327652914817634674E-013
 1.971595623729044019E+004  8.647631163752867952E-005 -1.247716456709098334E-004 -1.664875741558413539E-003 -5.883290217662452115E-010 -3.416278243513365622E-010  1.117320497745455189E-010  9.729469317577683237E-010 -5.785994687136644205E-010 -3.846182890494396029E-010 -1.397882570932020619E-014 -7.286577239904904662E-016  5.963055837850761349E-015  1.823438899166659769E-016  1.760912917056997527E-015 -3.704632234048248786E-015 -6.684642040680201428E-014  1.221790003994445472E-014  4.431263437651585853E-015  6.088338811219484988E-014
 2.185633649272396724E+004  2.526116633530031946E-004  3.342708709772258986E-004 -4.586661036995303212E-003 -4.587220918964772472E-009  1.258139473274604845E-009  1.861774460083840792E-010 -3.243560860812714072E-009 -3.092559325290126374E-010  7.830771101989216114E-009 -8.729252571831798060E-015  5.524821359534890433E-016  1.117950675385537929E-014 -1.624902744717792639E-015 -6.531901869102538938E-015 -1.189118374112317247E-014  1.951543187870632859E-014  1.526259880021602341E-014  1.133801518846317872E-014 -3.069368643443609329E-014
 2.408831082527769468E+004 -2.837851348405989130E-004 -4.584804526285731732E-005 -2.004883641510627010E-003  1.753963398212700571E-009 -7.263411966000697887E-010  2.681931653578944438E-010  2.075944424389982767E-009  1.187771225603887861E-009 -3.829914745097515914E-009 -2.340338284046488042E-016  2.575013500194138440E-015 -4.271409068699610811E-015  5.068123216405818979E-015  1.647847813063032653E-015  1.698891193881236896E-013 -2.337491757894235506E-013 -1.416272886673421002E-015 -1.724737408534891912E-013  2.380328859450940637E-013
 2.634857824628979870E+004  1.781474021054397713E-003 -4.583012843742562278E-004 -5.077247401196474490E-003 -6.036011137784385806E-009 -1.102990012271990287E-009 -1.435771896254971501E-009 -9.920020760817879700E-010  3.727443191313033052E-010  7.028018530881454167E-009  5.700903419884189401E-014  1.116099630637908623E-014  3.643661525502825866E-014  3.392362280624469540E-015  5.334225857435182711E-015 -1.566495625256560476E-014  1.551025697215104488E-014 -6.234340969388120742E-014  4.502929785594446948E-015 -5.194741998389455220E-014
 2.721940915762577788E+004 -2.027870397841126989E-004  3.153773434020871341E-004 -5.670980421776674295E-003 -2.940401849946775136E-009  1.687232538307292922E-010  1.252839112947816677E-009 -2.424235659833995188E-009 -2.286068218358301232E-010  5.364638208809812710E-009 -1.760627967227835243E-015 -6.755965040631260217E-016  8.025972144431353230E-014  8.417816457092822374E-016 -2.138277558373712908E-015  7.562563377553023433E-015 -3.278223232776353022E-015  3.896619152687851008E-015 -6.887853298267928374E-015 -7.698315921777467991E-014
 2.569443070090833498E+004 -6.727261695408271337E-004 -5.870304270223175667E-004 -4.576102501536316244E-003 -3.490713149088445730E-009 -4.152185724492848217E-010  4.399111912206695621E-010 -9.600457671728482312E-009  3.974661807262858941E-009  1.309117129311344139E-008 -1.784146938269705873E-014 -8.098351815406194745E-015  1.279255558908151717E-014  9.332372465576790811E-016 -3.107807407348980843E-015 -2.188016509390658831E-013  1.925369044072900289E-013  2.094999489136807509E-014  2.269011800488537011E-013 -2.053280585934782882E-013
 2.403222575688281722E+004 -1.210133811131491139E-003  7.974200449281591396E-004 -4.717155274173720839E-003 -1.862826740065491014E-009  3.038496437179963101E-010  3.265330647578930890E-010 -1.592336214845899454E-009 -4.897237353190631374E-010  3.455163579088236977E-009  3.640122122980778068E-016  2.592659205581721368E-015  2.289059020601717800E-015  2.000212076797471328E-016 -3.416689377168639393E-015  1.436831905701098011E-014 -9.105364665473998965E-015  3.051981220201840438E-015 -1.695880035246518492E-014  6.816610153375154119E-015
 2.116202440671910881E+004 -1.695416430651716698E-003  4.770543557968789147E-004 -1.965090704039942297E-003  1.676020009432068557E-008  3.777125694580254764E-009  1.036630887007533432E-008 -1.153861838033251857E-009  5.268175000135499172E-010 -1.560633805071662658E-008 -5.984209275345458361E-013 -5.881271547514195564E-014 -9.872114631475851079E-013 -3.735772443451564722E-014  1.147672569493710914E-013 -3.827227617336939794E-015  1.944108691543230948E-014  4.836678798812997093E-013  6.264036126107965384E-014  9.677475692199278504E-013
 1.983447876982828166E+004 -4.149642645007682048E-005  1.008344241567892175E-004 -1.901272619326644514E-003  4.166734187229109965E-010  6.398387494170512355E-010 -5.051437748572964047E-011 -5.266646709581941917E-009  2.319182612129133628E-009  4.849972754633504315E-009  2.796508582998562869E-015  1.945590097978043426E-014 -2.111025236812669417E-015 -2.997534147366530316E-015  3.450830550912770845E-015 -1.238435706998905787E-013  2.315088517919003307E-013 -6.247139409405297573E-015  1.043901591622783947E-013 -2.293944170452907398E-013
 2.187168823983140101E+004  1.458342876543913683E-004  3.294125781467839836E-004 -4.583228404148609499E-003 -5.146071215805732159E-009 -8.132103347335363237E-011  1.954282878904509764E-010 -2.505651656559844629E-009 -7.837863567647020374E-011  7.651713029280200968E-009 -5.978571227644390550E-015  1.721308844735466609E-016  1.148979930065179158E-014  4.593076057979216040E-015 -7.666531850438084457E-015 -2.824504256648590616E-014  2.363107015334570189E-014  1.364881837954277176E-014  2.807768310806560987E-014 -3.512124029963017597E-014
 2.409050781966135764E+004 -3.099575028506959518E-004  1.418836037676755142E-004 -1.976983442218621396E-003  1.171904608453039613E-009 -1.317846179057081616E-009  2.391748392748187335E-010  2.216997233760532184E-009  1.416850858199514040E-009 -3.388906665064515090E-009  1.096006481870352404E-015  7.218481774496182327E-015 -4.599575750209370452E-015 -4.464455660697926508E-015 -1.544887410523574612E-014  8.188508681426954055E-014 -2.444299898791082730E-014  1.435110831544301808E-014 -8.910087429541198875E-014  2.904191025190240765E-014
 2.579172966201790405E+004  1.282084850803611549E-003  1.011975167646685461E-004 -3.967543075726258188E-003 -3.768423761664952755E-009  1.807618682876129450E-009 -4.811175405705631208E-010  5.711189125085643937E-009 -2.244997395393708275E-009 -1.942765431805143030E-009  2.825584722835030402E-015 -1.245829402244142275E-014  5.409207568834206992E-015 -4.186913057758558501E-015  1.088111089915770369E-014  9.229750482692472178E-014 -1.632594269662307821E-013 -1.370746500349875231E-014 -7.984029414957916121E-014  1.578480270859850177E-013
 2.682041780461405506E+004  3.141961649922016893E-004  1.552945908854632198E-004 -4.530597125056008874E-003  1.216045101226134623E-009  2.112804646032969444E-010 -2.081110357147837421E-009 -7.481228023875079050E-010 -2.059579207549257335E-010 -4.679248119123939060E-010  2.318112104952588877E-014 -4.245331125285175677E-016 -1.452581161821869237E-013 -2.169411208623645992E-016 -1.746974554269045661E-015  1.089875297778378690E-014 -5.097494742192892762E-015 -2.143863132207255375E-014 -1.047195724118092751E-014  1.503536295514309961E-013
 2.701603685950902945E+004 -2.998990545733794082E-004 -3.327016651852687763E-005 -5.293822116910536051E-003 -4.167103189219628356E-010  1.043283889192565066E-010 -8.616109294447154044E-011  1.070666140998177023E-010 -3.037449074087733734E-010  3.096487639972573749E-010  1.084234383758073112E-014 -7.375297296563597502E-015 -4.409986762259682093E-015  3.952495304017028125E-016 -1.110343798760575390E-015  2.375392843707857917E-014 -1.568072641662293789E-014 -9.732227884961183669E-015 -1.637943054298550119E-014  2.009080366087816304E-014
 2.398813865063188496E+004 -1.200045365530676969E-003  4.709295384658477332E-004 -4.153830890336049526E-003 -7.119784419467101544E-010  1.153192847821006222E-010  4.403333632198809718E-010 -3.539674060244301519E-009 -1.119822535204070847E-010  4.251649903285246097E-009 -1.209383359016456396E-014  2.035116117287398962E-015 -5.137747844049329235E-016 -4.379319327411046695E-017  7.058532608088333116E-016 -1.303681044555332887E-016  8.411144190119406401E-015  1.138782713644214346E-014 -1.905357443186585019E-015 -7.897211594991837754E-015
 2.368717607247566048E+004 -3.413983501350017699E-003  1.045536906175373142E-003 -3.376781155597339407E-003  2.661391980764967386E-008 -4.320918956490863190E-009  1.395641608387013323E-008  2.591399830875173459E-009 -7.263381037781526285E-010 -2.920531788485401152E-008 -8.748708666687572188E-013  2.693345011513166388E-014 -1.287500325560343479E-012  1.650372206599938926E-014 -8.081763269774397461E-014  3.942344739843141809E-014 -2.284463224672567287E-014  9.557013019476959091E-013 -6.635699532837580850E-014  1.310307108491380613E-012
 2.026415403943867568E+004 -3.176588431064317425E-004  5.826229521483809520E-004 -1.715864287654070156E-003 -1.008758950837301493E-010  5.910754005399507235E-011  1.417450546025147938E-010  3.426438458541694305E-010 -2.334609428807066704E-010 -2.417679837147867372E-010 -6.965218571535054166E-015  1.270793892703326508E-015  2.701439983688984149E-015 -2.438396103820659507E-016  8.010416761268025966E-016  5.811378590476411672E-015 -6.188591370127317019E-015  6.164208537491986652E-015 -7.082309028265395724E-015  3.487064263935113832E-015
 2.188569398106076551E+004 -1.585802285448340143E-005  2.543525834621781015E-004 -4.566627762755675647E-003 -4.474000367979817169E-009 -1.358121141489737985E-009  3.455570484346415316E-010 -3.483729489811383306E-009  7.101342130001101993E-010  7.957719799067970148E-009 -1.270830769114106248E-014 -4.121621997647365570E-016  1.140105112806251259E-014  1.033748805543359762E-014 -1.235684186717730373E-014 -8.209003661544583348E-015 -4.119408477800848174E-015  2.506901964759315276E-014  8.628439555220546107E-015 -7.281609238770873206E-015
 2.410394055198280330E+004 -2.481661307282671011E-004  4.405885032221022301E-004 -1.990760019220876465E-003  2.900566576531754744E-010 -1.129980823499680189E-009  1.939392062843051286E-010  2.769605874652234081E-009 -1.860733303457507077E-009 -3.059665905911991751E-009  2.548862876927313844E-015  1.654619325487083426E-016 -4.267823962081309386E-015  7.795260994929326936E-015 -2.533895249424898788E-014 -9.195842389853251988E-014  9.808411561529621569E-014  2.278844488894795369E-014  9.180061657801404916E-014 -9.381666476582435472E-014
 2.582901501175408703E+004  2.339703646900344325E-003  1.995622486926522984E-004 -4.403230158686059249E-003 -9.519946699200668670E-009 -8.483059315081649153E-010 -2.877512195944836177E-009  4.956734805150038885E-010 -2.226824077776885357E-010  9.024272054483560595E-009  1.568669145472566194E-013  9.116100296214194894E-015  9.078048605825891141E-014  2.834495715498497567E-015  2.456639121497505483E-015  2.373341770704748417E-016 -1.465613179106261600E-014 -1.593226142083996766E-013 -9.354547989463561261E-015 -7.612532057151482881E-014
 2.706015083565546229E+004  1.978792822768191411E-004 -3.292446491959536347E-004 -5.309970544262222758E-003  1.955967709455186746E-009 -6.567841990669391062E-010 -3.275483580790636361E-009 -1.939179909308854337E-009  1.776162391356166846E-010 -1.678485427271023558E-011  1.649012091494305889E-014 -1.465757967264202424E-016 -2.164947207406584775E-013 -2.336578987099102052E-016 -2.004827445282606999E-015 -5.632920742928962342E-015  4.110764597455050040E-015 -1.449010556843721754E-014  5.780978363539949232E-015  2.123823304784871761E-013
 2.614975347857039014E+004 -1.225035460032769226E-003 -1.079103954875472622E-003 -5.469004058646252317E-003 -9.901098924004896482E-010  3.848592181537917496E-010  1.928847260558151087E-010 -3.281434451687756245E-009  7.430138634722532982E-010  4.271546586779172632E-009  4.575912089791974478E-015  3.401898195017223051E-015 -6.825133026788465192E-015 -1.002612711314525904E-015  1.431842968849058018E-018 -3.306231727494778697E-014  1.649506498707879379E-014 -4.577689113325431119E-015  2.966031247753371523E-014 -9.668939738445860137E-015
 2.297859231986150917E+004 -8.776652648630898959E-005  5.986291724182082278E-004 -2.072228329912067894E-003 -3.965138792980574014E-010 -2.131220473622834034E-010 -6.314195853580796777E-011  1.036496430844680557E-009 -1.437249478819635842E-010 -6.399825865514337286E-010  1.134367907954663131E-014 -3.883284539991949117E-015  9.580879212420127180E-016  2.353615054509061562E-016 -2.883580303355391220E-015  3.454148016223329887E-015  1.508429083785389786E-015 -8.460077277148381128E-015  4.290927382885097508E-016 -2.466507169262866317E-015
 2.320163785472389281E+004 -6.655370909015024790E-004 -8.500368970846986037E-004 -3.318156007283711885E-003  2.200141319917600301E-009  1.886374737988289711E-009  2.051938307663238311E-009  1.870558045340689357E-010  3.255746843229579192E-010 -2.387196737240046686E-009 -1.265923384266669083E-013 -4.289569186547890398E-015 -1.901954104790033778E-013 -2.992243976969393576E-015  8.961248725915028610E-015 -1.024884150454114331E-014  7.379530120564311457E-016  1.176322092712465275E-013  1.453899950708274728E-014  1.894514252686916841E-013
 2.095041936746492138E+004 -4.180469990666434762E-004  4.312615550929909444E-004 -2.017233456273363063E-003  1.214782950134416980E-009 -3.224383733583914951E-011 -1.042334875164059498E-010 -2.249411707610778933E-012 -1.066593358434429645E-010 -1.212532868406434187E-009  2.021602305896486079E-014  4.232014042893664838E-016 -9.519224090327270924E-015 -1.588018114034773633E-017 -1.013621332425634327E-015 -5.069630025058676558E-016 -2.892843064035809756E-015 -1.920245454071439503E-014  8.387921167706195587E-017  1.241191235442385991E-014
 2.189283389772270311E+004 -1.537337180079908453E-004  1.734583066423933198E-005 -4.500431276240779432E-003 -3.350389046077158143E-009 -1.555705703774243643E-009  7.243799459032520685E-010 -6.944026581604423218E-009  3.061218574583069810E-009  1.029441315099911134E-008 -1.474936003509989139E-014 -7.767148875791968434E-015  1.346803448053082967E-014  3.832057581945433065E-014 -1.526745234590949784E-014 -7.131563696247759979E-014  1.517939424833322111E-013  3.001772821646802033E-014  7.909377370046509296E-014 -1.652618826957889464E-013
 2.413062604323410778E+004 -4.502994997202729670E-005  6.851418070939782438E-004 -2.100144952828983218E-003 -4.366081316449125460E-010 -3.931039609102518055E-010 -3.380421354498929511E-011  1.721576199515750264E-009 -1.758425679821354511E-009 -1.284967576357749986E-009 -1.800715215621041669E-015 -5.807062195431850845E-017 -1.706096352898772265E-015  2.778678212808308168E-014 -1.978792267067365586E-014  1.649174552069262965E-013  2.923490219292611116E-013  2.158860318537853413E-014 -1.648564882317130023E-013 -2.906541099860409820E-013
 2.601360195891177500E+004  2.531984453306145803E-003  6.994073068983869734E-005 -4.735311515909821668E-003 -1.385703915103801705E-008  8.999049088568297691E-011 -3.918835739371580270E-009  4.104481559015034269E-010  5.953473305432260400E-011  1.344659344469206623E-008  2.358240687571479885E-013 -4.674249253973540414E-015  1.361271762804318477E-013 -1.129309079263505231E-015 -1.124188839052847728E-014 -8.838571846683118390E-016  7.638785353988581980E-016 -2.245826607962638678E-013  5.555291695256898945E-015 -1.368909719540229519E-013
 2.638012896479658593E+004 -1.628542730027801632E-003 -4.954579715920304998E-004 -5.783311394849461468E-003 -4.594586448506068446E-009 -1.060576897007654815E-009  3.095088345634389193E-010 -2.077078819657423711E-009  1.908053421853985991E-010  6.671673929870369125E-009 -8.600861606405492573E-015 -3.655403058670594679E-015 -1.212347553556654052E-014  1.823744087953594609E-015 -4.335813768025827321E-015 -1.499983785406482550E-015  2.941175387152241952E-015  1.293358709189013215E-014  5.155988222358611193E-015  9.181257567775815418E-015
 2.369725622442164968E+004  2.880360445187268989E-004 -1.189265470816128196E-005 -1.921138747176415543E-003  1.037007191954967772E-009 -2.272921475625873802E-010 -6.214573031534830452E-011  6.979665442604063731E-010 -4.348785048947994263E-011 -1.734973747521752629E-009 -1.452282549070340132E-016 -2.853360413873478828E-015 -8.948982385688520248E-016  2.859805488468072003E-016 -6.872072973841147275E-016  7.432878432081682921E-015 -2.343798569400183501E-015  8.324325741072748373E-016 -4.579557017721011959E-015  3.238668621531932852E-015
 2.648944054419091117E+004  2.069741252226516795E-004  9.485823583107295086E-004 -6.044777638901955956E-003 -2.227403697863229029E-009  1.482919119675078071E-010 -2.571953167888614109E-011 -3.690884691288763921E-009 -1.484032253501900335E-010  5.918290321977030341E-009 -1.317717870472163654E-015 -4.731903442820934262E-016  2.418085025158094353E-015  8.225310640374652596E-017  2.225612971626648834E-017 -3.627969124930733104E-015  5.656878674592590392E-015  1.296062082223683937E-015  4.101699804058841221E-015 -8.075360345250252192E-015
 2.367049291737095700E+004 -2.165522759689875534E-004  1.517634758405099265E-003 -3.353558286771342756E-003 -5.346966762010629398E-009  4.345014298224452263E-010 -3.470035254135464118E-009 -4.026417385611389945E-009 -4.039767657321039016E-010  9.373384543519493146E-009  6.703219084474064636E-014 -1.561882986812322442E-015  2.730777488449698527E-013 -2.661813515965377521E-015  1.743159874235135190E-014  6.597484778435112165E-015  1.565082986224163383E-014 -8.446772560170547747E-014 -5.035878180591123088E-015 -2.887267357633558694E-013
 2.158572131443892431E+004 -2.019030087180752472E-004  7.902210026281047874E-004 -1.955855103722944563E-003  4.930342174852368554E-009 -2.005462666361549449E-011 -9.652294118048264574E-010  7.752721375210827770E-010 -3.983484315438621588E-010 -5.705613732619716959E-009  1.038807706221471767E-013 -6.317134215435136653E-015 -4.565042714453677877E-014  5.523207435118849329E-016 -5.552273615594925696E-015  2.525375656073226980E-014 -1.066132369795381667E-014 -9.832806886610022327E-014 -1.893626584610500352E-014  5.631123184557685632E-014
 2.188541665067339636E+004 -1.275121103331911324E-004 -2.681061129233634744E-004 -4.077695279522566656E-003 -2.923491058001096926E-009 -3.114337509902167067E-010 -6.671723520439073631E-010  3.755606816376312732E-009  1.490710362714700793E-008 -8.321133415413513173E-010  5.367746965998203545E-016 -6.765010042196218585E-015 -5.405593941502971347E-015  3.112240713974577509E-014  2.237494089327234857E-014  8.635662245910300373E-013 -2.041789450415690330E-013 -2.291182263860899875E-014 -8.567990084594263523E-013  2.095834688948052108E-013
 2.416632981494934211E+004  2.943055128757898200E-004  8.042281964491375954E-004 -2.275671074729166375E-003  3.346945511265616129E-011  9.960796973750087537E-010 -2.581779458777747303E-010  8.423949656584226509E-010 -4.422829935867629680E-009 -8.758623187910638592E-010  9.007843000717799828E-015  5.684601335237242691E-015 -3.051759845458661817E-016  3.973072588932066944E-014  3.469666197207404123E-015  5.460129827162297432E-014  7.374900766602189288E-014 -1.247696603960348341E-014 -6.028112294580349143E-014 -7.344469701928351610E-014
 2.623209781165980166E+004  1.007640490185100378E-003  1.972195571794525836E-004 -4.151324859493214087E-003 -1.555133418487392220E-009 -1.161744706780102741E-009 -9.813072054068865285E-011 -1.222304952175776937E-009  7.453207196758093775E-010  2.777437821375141947E-009 -8.314514045918846594E-015  1.665539240124529721E-014 -6.677597910880482229E-015  2.810247316271556166E-015  8.699986595985049590E-017 -6.708943499983530036E-014  2.651536224750641758E-014  8.226569090498941159E-015  5.043537870760388683E-014 -1.983860104840914047E-014
 2.666115233578317930E+004 -6.453937540903170646E-004  8.372139681513586246E-004 -5.153419870420151983E-003 -1.214792297653106011E-009  2.075150023774626709E-010  1.658373683115175098E-010 -2.306420897049491279E-009 -2.788693739177791287E-010  3.521209821470599854E-009  1.999821126228677304E-015 -1.028557804752221052E-015 -1.215927143296282647E-015  8.365272396493142620E-016 -5.004611100089967696E-015  6.630912829585941689E-015 -1.137987977365783154E-015  3.004306933237123326E-015 -5.602935743760702932E-015  2.353244947524938508E-015
 2.613506819704001464E+004  1.241632038553201539E-004  8.251583995166960825E-004 -4.095333684569944614E-003 -1.263838049319545563E-009  6.285181411763950742E-010  2.416665139853392526E-010 -5.898715885427429914E-010  7.270578478034313514E-011  1.853710799075035316E-009 -1.581883416724504130E-014  1.100583052900695498E-014  3.387186978844991548E-015 -1.394592390046292341E-015 -3.930387871056417225E-015 -2.981227241638412581E-014  4.779112508842219427E-016  1.974916462039709047E-014  1.880624460907366592E-014 -3.865494255840567235E-015
 2.848758480978220177E+004  5.052125404538931192E-004  5.392866490023152546E-004 -6.286743017939123296E-003 -3.624521644223190549E-009  1.295927763650576438E-010 -1.983989581038550727E-010 -2.656514539834073691E-009  8.034166687996720415E-011  6.281034743902810797E-009  2.262401657182901522E-015  3.534545740382968494E-015  7.300636011775569871E-015 -1.847761760491807543E-016  2.215009890066075083E-015 -1.580711333126067702E-014  6.730101031176192454E-015 -4.477821391288661484E-015  1.227160680528974035E-014 -1.403077074603449846E-014
 2.759403073041788230E+004 -1.092240064866478472E-003  8.764944538171264704E-004 -6.044543055167692774E-003 -1.746084975119440916E-009  1.266272877533161732E-009  4.277546874458445800E-010 -2.368602804236616782E-009 -7.764760826229743443E-011  4.114690322256046782E-009 -4.191824597712008641E-015 -1.110136879989419698E-015 -1.161627262603348356E-014 -2.207598133576800815E-015  6.276389440373513328E-015 -6.511603654927972736E-015  4.083673780029581950E-015 -2.088786795702971260E-015  7.620090644130989464E-015  7.531919063464167981E-015
 2.235859584880782131E+004 -1.195957610948674560E-003  6.952765313104418117E-004 -2.419824545186521035E-003 -2.452652396208242684E-009 -2.411476137693231810E-010  6.165781008894303677E-010  8.728384821501838394E-010 -5.307339606781672795E-010  1.579814152839784896E-009 -3.565286210128805573E-014 -7.421872126345670145E-015  1.579793601526157959E-014  4.915799226431561729E-016  3.715916221864156941E-015  4.248726926031517199E-014 -6.517184193740292437E-015  3.193641353018730828E-014 -3.506506823111021323E-014 -9.280899442702093049E-015
 2.188152274678698086E+004 -1.919192320280481456E-004  3.925001165174246958E-005 -3.965574649538112888E-003 -1.810480024203573079E-009 -3.210679304822708753E-009 -3.413643436145770787E-010  3.483169173775082642E-010 -4.005953703526765343E-009  1.462169063807974214E-009  1.296163439483903683E-014 -1.502452781761158241E-014 -5.134788813552514567E-015 -2.623867696689259443E-015  2.635338693243752361E-014 -2.380416908371681719E-013  1.071906557851353210E-013 -3.931745713949931021E-014  2.530710313352812818E-013 -1.020589011307689533E-013
 2.419969210341900180E+004  6.517847983423598638E-004  5.606213769703279710E-004 -2.502203893288082980E-003  1.202972982322934786E-009  1.257104479718886425E-009 -7.276660468467237221E-010 -3.126185495373232399E-009 -4.702361937847845868E-009  1.923216621159812003E-009  2.475951101717662865E-014 -5.256091652181422545E-016  4.164706418248875950E-015  1.658978970154339550E-014  5.091955838672691960E-014 -2.525463448744566009E-013 -1.937984436403157473E-013 -7.567793094856366819E-014  2.530857921074111850E-013  1.896437959319201789E-013
 2.699428337363253013E+004  1.369760276371425776E-003  5.399797703498598585E-004 -4.621365025562206540E-003 -3.177273640916348007E-009  4.170374433798247346E-010 -1.313007366421228998E-009 -9.018099694462672881E-010 -2.811709108646587625E-010  4.079087339895140344E-009  5.964189477489382488E-014 -1.187978658397607781E-014  3.585568046357020421E-014 -2.889920166918729222E-015  3.879234086399104553E-015  2.020873605690321628E-014 -3.323220321607814421E-015 -6.352095825371144518E-014 -8.329858853159404728E-015 -3.253264908498712577E-014
 2.731740415579865657E+004  8.082160035114614683E-004  2.295152074588136838E-003 -3.108313179380336241E-003  4.607877676714164003E-009  6.914074456594221662E-010 -2.688690712998635813E-009  4.287944610606346180E-009 -1.606228893050306638E-009 -8.895824993948202231E-009  6.305393201489368666E-014 -3.316845886937804272E-015 -2.055310957548297433E-013 -6.317972153833501516E-016  8.244352984864103920E-015  8.520226167187373777E-014 -1.792389255330980061E-014 -7.130333610663932970E-014 -8.188588775690237740E-014  2.234519691312134580E-013
 2.830108733323565684E+004  1.253469898265385579E-003  6.153681350875152105E-004 -4.127457334936105067E-003  1.765466906277774089E-009 -7.102245396143135860E-011 -7.249766967165508078E-010 -5.273852225802794736E-010 -6.152074697446350898E-011 -1.238084625521213282E-009  2.982423220784225033E-014 -1.479444153207625071E-015 -8.543552761096920608E-015  2.218769555016184805E-016  1.217513979966861344E-015 -4.847494762203636532E-015  8.707543356925060889E-016 -3.104180157907062104E-014  6.325557068804073375E-015  7.672758087987618208E-015
 2.980509919440793237E+004 -3.050564723322652066E-004  4.037010076762276170E-004 -6.182949514902782821E-003 -2.228637073036182822E-009 -7.309149415497215799E-011  1.612756745462929095E-010 -2.162211877650394940E-009 -7.649919316551237844E-011  4.390839630591429086E-009 -4.280041896310565861E-015  5.053820702518813564E-015  2.910048932817276917E-015  3.430565725262418628E-017 -1.496921514408901198E-015 -6.087487419985097936E-015  3.662898596886419527E-015  5.778058928838460747E-015  1.037058843445915366E-015 -6.573044545625610067E-015
 2.867513423655609586E+004 -1.834090151589658712E-004  4.856624305024219456E-004 -5.859660568005375415E-003 -7.637371600863566796E-009 -3.562438790396272496E-010 -5.760965735571503568E-009 -1.120005303991965875E-009 -3.691179132116348750E-010  8.757362901802975942E-009  2.178170674101730722E-014 -3.335894111446448362E-016  3.870941157686108251E-013  1.577047819929440194E-015 -3.779101167130933399E-015  1.626489938933950076E-014  3.879600679342712463E-015 -1.800610773648653723E-014 -1.593436337032021740E-014 -3.909736698454272442E-013
 2.287600114164639308E+004 -1.853392706394923605E-003  3.107715026632285694E-005 -1.937903014774930346E-003  2.521275368466268236E-009  6.211067433883711478E-010  5.566895641474078755E-010 -4.780762395345884498E-010  1.447475277141469941E-010 -2.043199253239512977E-009 -1.011564045888173400E-014 -2.734860586863617550E-015 -2.018546476901308488E-015 -7.601168327494772536E-016 -2.912999100961530593E-016 -1.140142559372790220E-014  1.234362975939421331E-016  1.040697676822412258E-014  1.413653489086158055E-014  1.895058879114378084E-015
 2.187931773991958471E+004 -2.958603402710270700E-004 -1.629206568704643450E-004 -4.029258192949674439E-003 -1.148300764538874158E-010 -1.995186726657410010E-009 -3.174448614840063172E-011 -3.118660496045808889E-009 -1.966594284082196054E-010  3.233507241807903776E-009  1.479785074918442265E-015 -1.438237444359028843E-014 -1.891897598213432269E-015 -2.041124485740410157E-015 -1.917875396390826420E-015  2.122202773370635514E-014 -5.782407165910466396E-014  4.358032056685402568E-016 -6.834098480489683667E-015  5.971659133901301045E-014
